Input-Hidden Weights:
0,146998054112551 0,403520335443652 0,469542794931 -0,684420066662816 -0,560694315895105 0,605594297227473 -0,0941954310146616 0,0899487230873648 0,100243777923577 -0,287463375848614 -0,436219644245966 -0,196839080795928 0,803468847440477 0,368324374233716 -0,881119836026353 
-0,105055585856331 -0,379126163097997 -0,317417719697776 0,195727039761226 0,000383068644344506 -0,199486071796636 -0,0688885379559318 0,258446069041776 0,0356810436770608 -0,000622584832336467 -0,401924036871778 -0,370562387849358 0,598383207968784 0,890372619660938 -0,168946204279949 
0,379116328993951 0,0375896287447534 0,141777208341029 0,109839485350957 -0,294297746946835 0,451587071314945 0,342066501234799 -0,538176205518662 0,633902958255132 0,579787676299578 -0,150854339414421 -0,536707600591162 -0,255520506851198 -0,233398192154499 0,0474452645551519 
-0,10654293385553 0,576578711242504 -0,136752757377555 -0,0651454826567676 -0,717281784005909 0,176581138693091 -0,17778214408476 -0,169521189977737 0,476452148047904 0,284127118184359 -0,370864430181925 0,541413333501216 -0,076580533321946 0,00567100698573943 0,705500368530855 
-0,326097524255786 1,09430434509461 0,349360880955065 0,240514844931125 0,0429474587610169 0,058474147770624 0,62482665208828 -0,585963800797934 -0,609956142770353 -0,0697105846550911 -0,270175624601277 0,440394417334559 -0,594648970485239 -0,626807255811108 1,13792367759936 
-0,243601197794116 0,356306086272701 0,560623145774761 0,0735473214818629 -0,596270708342484 -0,356072185721069 0,442395781034741 0,701455697696704 0,255141528816672 0,187661772799375 -0,0991135442710864 -0,624085962178117 0,997227098210524 0,908424975055661 -0,00864435821890698 
-0,326840177806645 -0,189189449073852 0,0128009963135591 0,204439545575326 0,0421713390273465 -0,148968772876988 0,0475452537005221 -0,24151843888499 0,412524089098891 0,585985554576745 0,716591453069591 -0,184058535878742 -0,990442801815879 -0,951753908675778 0,585631029568297 
0,414129780565449 0,409099894067785 -0,0939751624101657 -0,119273784858768 0,0693299060544604 -0,0733121389398874 0,0399589769262629 0,0473540916793765 -0,22123606909124 0,205578455098708 0,377418148739924 -0,387926294881816 0,241549493158958 0,335103911270902 0,346456393993672 
0,53625914269108 -1,06033026526486 0,0957708778678911 -0,0245685578590081 0,815608261079532 0,886232632919982 -0,349665872338606 0,529726823219592 0,433275120826532 -0,299072533931464 0,0920824313956704 -1,18385076389443 -0,578996526090279 -0,567156060935094 -0,636468944954302 
0,549334364737229 -0,296829555708416 -0,660056287452127 -0,666361084300104 0,243974758279886 0,410907930002214 0,136591892184985 -0,0053794103930801 -0,0682563479388266 0,0412415056866619 0,360375229939805 0,958265171369457 0,123716616751037 0,283262251514225 -0,739827814533406 
-0,222371162100318 0,440122695391198 0,420961435814683 0,646771407794602 0,479445482865988 0,29327881668636 0,374947780260436 -0,176334339534943 0,0327716891982559 0,330508686097331 0,189294373252354 0,305597606494775 -0,132546104988384 -0,408459596941066 -0,359296467900052 
-0,0748741429182115 -0,14169661404644 -0,0864784859989204 0,379684135727437 0,452839903511498 0,101957349386978 0,1492251230633 0,231179462620606 0,363086821913294 -0,491244654167092 -0,368910041576675 0,212648534082178 -0,267609241775986 0,0653733045632827 -0,273916466987653 
-0,358203820818199 -0,483520325731263 -0,0277405323124214 -0,0999061309732059 0,472637385117187 -0,0631074945270584 -0,431933340584828 -0,245504019663438 -0,296426923385089 0,260211962629208 0,41097711348486 0,377978576756072 -0,351387330261705 -0,159589422242525 -0,0737104926135905 
0,392873434765671 -0,447222674240928 -0,31621812741096 0,496778893283 -0,392146567763829 -0,0963168482279018 -0,0601333400980259 -0,0277616114019237 0,0391729094736152 0,291149180285236 0,067051770895278 -0,287269879033449 -0,429591477350142 0,418404264803233 0,299169542640061 
0,962382531237811 -0,611492283184568 -0,112722542106904 -0,211499887274464 0,127659132862881 0,493503069379038 -0,274509797690256 -0,102788106636655 0,105686214859616 0,271910714882893 0,166728232216335 -0,476728364789354 -0,27890958725129 -0,29026702698605 -1,62662029431461 
0,285330716572009 -0,0031744348709543 -0,121765023885338 0,156409111685346 -0,334932107130161 -0,267276383201502 0,0620530036512242 -0,338204697190803 0,176055649208779 0,482949614556704 0,345496310560983 -0,0949887212296566 0,187716014334753 0,00867315573502415 -0,142238670672505 
-0,170648793185278 1,07449653349213 -0,577848217727693 -0,463112630585282 0,310784009769978 -0,461628053521864 -0,0778021965123995 -0,495645639019221 0,399097202679007 0,513545821957132 -0,636559912704296 0,580586152760836 1,02142557921528 0,326408810359843 0,261521524046834 
-0,0949354315365687 0,306756619242625 -0,561173717761174 -0,370206045113155 -0,456038246734963 -0,696795169558116 0,698289380868539 0,0775052786696999 0,389372252256602 0,337361132248992 -0,659512564785655 0,114298211803118 0,431407303280999 0,347017226662256 0,336961043796528 
0,590195444340132 0,61631998422037 -0,310154052138547 -0,0539272278337612 0,0042642726257349 -0,403833426227084 0,644043834848788 0,249438973958044 -0,127670592540437 0,356760578693298 -0,378756087854028 0,180691559756748 0,635339838279251 0,621020943441199 0,20630391148636 
-0,213573694454618 0,0648154836390186 0,87750662879194 0,39301943629563 0,554896502115103 0,0266182076293108 -0,12125498353201 -0,173901729091801 0,0222619599515436 -0,0405985104511117 -0,541772403238056 -1,18570343983102 0,0579414098833488 0,272573775454802 0,0447529207297509 
0,489199562610305 0,167493724820043 0,282174383621592 0,705625346997614 0,461220959454751 0,535234685698851 -0,230552783069349 -0,422798177217429 0,436206431628218 0,0519424069847059 0,175726847352586 -0,21485668779583 -0,678083837318319 0,156782230020329 -0,158762991148506 
0,280905760205838 -0,414439382336356 -0,747362580786713 -0,0962551042404238 0,509381247971436 0,329176733743162 -0,129549559613527 -0,259089111544679 0,390524291214384 0,181224963944862 0,29386117893374 -0,645455657862545 -0,882729333867998 -0,299069128664231 -0,431238163449307 
0,649972737785482 -0,42373270944871 -0,719219794654475 0,645638645789143 0,839198952515753 -0,497088062488835 0,132603779149476 -0,334444488628023 0,275017665426327 0,64175542683411 -0,4976653709306 -0,335919851651118 -0,671943305470363 -0,45817930464966 0,433854636952353 
-0,297743416813948 -0,533690674125122 -0,162495398326627 -0,0504878486260204 0,739649356737155 -0,345155070376975 -0,242648656009115 -0,500328889423183 -0,151747480972014 0,430549236447693 0,0448867139840663 -0,74574360152203 -0,893260004512029 -0,14172067645504 -0,438006516270202 
0,813281785605917 -1,04661368832559 -0,268255715300841 0,292746609555786 -0,00446509932690661 0,262268889461672 -0,444702903705559 -0,0970714516962785 0,831156689187283 -0,097491803785041 0,790512318708147 0,0703958541267589 -0,0227232685482069 -0,117546388801837 -1,18789705313129 
0,264608584112615 -0,461241307949718 -0,38333558003489 0,262425467664742 0,110914015847926 0,297156980957802 0,0832425468187029 0,418647225787555 0,488508118750549 0,595027694873731 -0,120422162530218 -0,137350672791042 0,71720882913137 0,125569341683298 -0,756969799818742 
-0,779993002159743 0,161910264208438 0,684049553727688 0,219266424858468 -0,717509186543199 0,354352918686834 0,111591478424161 0,0972335770729489 0,410904578913557 0,224382675279125 0,734414588675359 0,711384502912157 -0,307459033926573 -0,210067928503573 0,709013023577818 
0,00782986847117073 0,304056679273051 -0,365569181212023 0,220369559582495 -0,31630561212837 -0,0659358164136931 0,150886261207464 -0,201381854573908 -0,174793387611766 -0,0508397624599001 -0,147863920148399 -0,235049337956612 0,414992246737234 0,125888590526715 0,170876344512625 
0,0754398436605152 -0,609361219194116 0,99244595653925 0,257073058663435 -0,320430527395167 0,281845186245137 -0,015013293609981 0,949324506730127 -0,252663762432008 -0,162159015446243 0,394137847350906 -0,506157810257033 0,117326338019862 -0,366964937137923 -0,417717256145889 
0,714816468122085 -0,039264570274143 -1,32530452536766 -0,350364310517263 0,257428300823724 0,490396336083806 0,131241915591611 -0,607252609503851 -0,044667766153852 0,669052190011633 -0,0487566460952221 0,151060986580876 -0,0374365152843052 -0,42220525635033 -0,503945998512154 
0,407561307142129 0,249938752086381 -0,681356362122829 -0,242020238132988 0,00618935761168052 -0,00825562039831869 0,590846739531794 -0,433367110878544 0,118583318107817 -0,0263470759489126 -0,0279696769071696 -0,0977341364235354 0,676038515623506 -0,0521841543832545 -0,524314194874803 
-0,305892331040636 -0,19620643351181 -0,156542237138164 -0,0233514098731798 -0,0369024907180547 0,292961613417333 -0,20276759095903 0,821725739035928 -0,253164134197302 0,0512852297653316 -0,0285153363584001 -0,515053342382806 1,15246318369397 0,996794265906889 -0,942015046186712 
-0,501731114260242 -0,291203490702872 0,725544536148384 -0,00812721095302167 -0,887578994227556 0,519841716242487 -0,0783895772155621 0,0379564003739856 0,429890959723181 -0,469062318039752 0,474252547954418 0,243551346183226 0,446530110770445 0,357672361235831 0,149750891783846 
-0,604248692636565 0,938005224121557 -0,557473444709522 -0,0963759430580337 0,0514652261546766 -0,601761001110873 -0,191507003895066 0,232354151054837 -0,0470400594808835 -0,327196923250821 -0,131040729675767 0,982431117884838 0,402583561565338 0,0993638568852385 0,372185126759423 
-0,636921318440356 0,0802275935522436 -0,194642153829946 0,181425462819248 0,230080304763597 -0,0508499181619192 0,717703057937762 -0,874438185933941 0,456835058103063 0,606269423401173 -0,0373865728910506 -0,775026746067411 -0,821799351532461 -0,397549986234786 1,418691661734 
Hidden-Output Weights:
0,344876729781274 0,346635019995297 -1,3487996400404 -0,0166226996833152 -1,10396274301043 
-1,34935716927969 -0,0384600849418972 0,262515849456572 -1,61151758620546 0,836597551176701 
-1,1305634205194 -1,6150200186512 0,397753062390238 1,02750154499495 -0,034433884393434 
0,352166985973694 -1,08907383545223 0,0984324762054817 -0,0427764814383037 -0,453042535349091 
1,47169919672719 -0,607562799904033 -0,6653913659182 -0,469387017034276 -0,206635956548749 
-0,184469826525505 -0,459654139348088 -0,475925164879059 0,31047112094393 -1,1579578949808 
-0,246927458793174 -0,175914105384105 -0,186692772179563 -0,798260429182473 0,477169452458553 
-0,833461615097714 0,0207899317772545 -0,414987710142371 1,15650031960555 -0,278372592057061 
-0,122375349492566 -0,343380260517397 -0,570687797229197 -0,513929365626316 -0,78336601182747 
0,450897442741988 -0,278561674853912 -0,261387558941617 -0,944049241475894 -0,209939261756999 
-0,147236194754406 -0,615824781551072 0,517191792813239 0,132405580876499 -1,65630546448555 
-0,65781733006155 1,24762833423211 1,13191262800458 -0,819492240415037 -0,397025773116122 
-1,17025324464713 0,876329562945578 -1,17632012384124 0,814700282006178 0,943716175076288 
-1,0272231786316 0,64169746096091 -1,10454188436216 0,313694848240585 0,725515956491623 
-0,745227186301804 -1,33264314594829 1,5145846053734 -1,30349968250445 0,937525829724728 
